id:2
isSelected:0
parentID:1
symToyID:-1
layerID:0
layerThick:1
layerDepth:0
layerAxis:2
iniViewDir:-0 -0 -1
autoSkel:1
skelOpt:0
centroid:-171.457 17.8726 0
symLine:0 0 4.77814e-310 4.77814e-310 4.77814e-310 4.35434e-311
