id:5
isSelected:1
parentID:1
symToyID:-1
layerID:0
layerThick:1
layerDepth:0
layerAxis:2
iniViewDir:-0 -0 -1
autoSkel:1
skelOpt:0
centroid:72.9028 -153.886 0
symLine:0 0 0 4.77814e-310 4.77814e-310 4.77814e-310
